9000
48
74
74
77
82
55
94
78
23
20
38
72
88
44
106
86
91
88
50
75
31
32
32
83
77
57
63
99
39
78
28
48
22
48
48
71
94
57
75
41
70
68
74
45
105
39
108
22
65
34
88
51
36
41
57
53
69
80
95
37
57
88
63
86
61
112
118
77
51
39
50
86
73
94
95
57
86
81
112
41
84
28
105
22
51
28
116
52
88
53
98
50
61
73
81
47
110
58
113
105
28
67
81
29
53
96
27
52
81
85
20
66
31
23
87
58
22
42
68
109
78
107
58
117
81
35
50
117
116
84
112
33
73
117
51
119
119
37
108
62
108
89
118
98
46
77
53
34
90
109
40
80
103
40
116
54
52
23
96
66
23
25
24
38
55
61
106
58
114
73
98
99
90
110
36
94
107
96
59
110
104
78
33
47
64
101
81
23
30
89
22
44
109
54
78
42
59
78
69
28
64
83
79
54
109
60
116
104
52
28
54
46
42
56
30
116
103
87
118
116
70
99
68
64
76
82
54
76
118
98
115
101
44
86
111
73
33
90
89
25
59
100
75
99
25
64
62
26
96
47
114
86
44
94
99
34
60
32
65
28
51
36
112
56
25
98
71
51
113
34
26
26
72
90
106
51
33
78
75
87
32
113
80
69
102
93
20
64
60
51
103
22
81
44
118
82
117
52
60
93
26
73
58
78
44
104
72
35
117
106
83
47
119
42
70
110
64
79
51
49
90
61
60
70
99
60
40
92
72
82
74
94
104
53
112
114
74
63
108
80
77
107
90
52
83
44
93
100
90
62
49
105
27
100
53
55
75
70
86
86
35
23
54
75
64
102
66
62
99
24
29
111
38
39
22
93
82
76
41
39
118
96
42
99
20
116
71
96
82
27
27
103
57
106
84
86
44
53
86
103
80
72
102
76
38
103
43
76
63
46
118
41
49
61
79
38
33
61
35
67
95
118
21
66
46
84
88
87
77
116
38
107
52
69
24
60
37
29
38
49
52
89
44
109
35
70
78
101
80
89
38
112
86
21
92
20
38
28
45
61
97
44
21
36
72
46
98
98
56
45
38
81
75
97
42
37
50
51
100
68
117
73
70
119
55
43
50
82
42
110
41
70
114
43
52
118
60
113
36
104
101
65
38
112
114
63
67
56
109
99
75
23
23
56
67
119
98
36
49
69
99
83
43
25
27
96
40
44
38
82
32
118
37
95
69
59
41
70
96
65
70
24
23
48
27
87
106
117
26
67
55
91
63
46
92
39
59
91
89
104
24
48
25
57
60
49
41
22
100
23
35
45
34
42
70
36
111
90
52
88
70
84
105
96
57
43
48
78
75
28
88
57
87
57
86
39
24
112
91
53
79
60
59
27
58
23
50
112
65
59
82
70
48
90
75
105
70
72
115
20
83
76
39
62
24
63
84
51
96
29
54
99
88
79
95
61
41
48
27
105
28
60
90
55
87
93
22
39
80
84
81
44
44
80
60
69
60
118
44
98
110
118
34
57
24
49
115
54
59
37
33
117
31
23
88
24
73
110
82
45
87
26
36
44
83
34
84
58
20
41
99
32
100
98
25
49
91
41
56
44
74
85
28
55
43
56
110
29
80
101
59
35
53
56
111
35
72
94
60
85
61
33
64
56
27
76
77
119
38
28
53
50
110
74
50
110
60
95
67
66
104
56
42
55
34
83
35
103
49
116
45
112
66
58
46
79
108
84
73
76
89
79
52
67
88
22
38
70
105
76
64
38
47
101
93
114
67
45
37
104
109
23
95
81
55
78
52
75
46
59
96
67
118
20
110
26
86
52
58
71
30
55
93
48
56
32
40
32
110
68
89
63
103
108
45
37
76
70
103
112
36
59
75
39
76
75
30
37
24
97
71
82
21
21
114
79
113
63
103
29
66
96
49
70
41
79
112
72
79
40
106
43
36
97
43
50
115
34
47
83
60
51
24
61
91
44
54
49
60
72
117
27
51
61
75
100
41
100
26
93
111
113
58
63
44
31
47
63
39
119
24
98
42
93
34
117
43
25
26
81
27
86
47
61
34
107
68
93
85
22
58
52
69
56
105
42
55
47
27
34
38
113
79
58
21
52
104
102
24
103
88
101
111
37
72
34
81
49
93
35
26
38
100
22
87
75
45
108
85
115
20
42
41
40
106
22
78
81
84
96
106
22
36
53
112
47
108
93
69
106
37
74
60
34
49
51
75
83
47
119
43
27
98
94
113
62
48
64
34
60
60
21
92
64
85
47
110
62
115
53
