15 3 94
0 1 8
0 2 188
0 4 75
0 5 135
0 6 166
0 7 160
0 9 186
0 10 118
0 11 146
0 12 95
0 13 190
0 14 179
1 2 193
1 3 104
1 4 145
1 5 199
1 6 47
1 7 150
1 9 5
1 10 215
1 11 123
1 12 49
1 13 153
1 14 13
2 3 66
2 4 74
2 5 42
2 6 198
2 7 13
2 8 111
2 9 104
2 10 42
2 11 86
2 12 127
2 14 154
3 4 91
3 5 207
3 7 189
3 9 124
3 10 13
3 11 18
3 12 168
3 13 24
3 14 48
4 5 137
4 6 169
4 8 121
4 9 188
4 10 3
4 11 66
4 12 139
4 13 151
5 6 66
5 7 58
5 9 166
5 10 19
5 11 8
5 12 7
5 13 121
5 14 32
6 7 211
6 8 132
6 9 106
6 10 87
6 11 221
6 12 175
6 13 25
6 14 11
7 8 220
7 10 59
7 11 140
7 13 129
7 14 116
8 9 63
8 10 177
8 11 134
8 12 92
8 13 126
8 14 2
9 10 52
9 11 45
9 12 147
9 13 103
9 14 131
10 11 126
10 12 94
10 13 80
10 14 50
11 12 145
11 13 37
11 14 66
12 13 2
12 14 34
13 14 94
