101 466 
104 476 
104 614 
105 610 
105 926 
111 347 
114 789 
117 582 
117 61 
117 884 
118 595 
120 96 
121 413 
123 384 
123 505 
127 727 
127 989 
128 60 
129 359 
13 195 
13 996 
135 197 
135 898 
144 321 
146 209 
147 368 
15 243 
151 802 
152 787 
154 624 
154 902 
155 773 
157 302 
16 856 
161 26 
164 726 
165 284 
165 895 
166 920 
167 335 
167 691 
168 232 
169 116 
169 792 
171 589 
175 566 
178 685 
18 506 
181 217 
181 987 
182 228 
184 106 
184 310 
185 97 
187 310 
189 311 
191 25 
191 582 
194 520 
195 516 
196 56 
196 933 
198 240 
201 929 
204 594 
206 154 
207 920 
208 227 
209 158 
211 983 
215 884 
217 79 
218 663 
219 925 
221 187 
221 491 
225 837 
225 935 
226 201 
228 305 
228 417 
228 437 
23 697 
230 819 
234 694 
234 985 
235 273 
236 633 
236 913 
243 604 
256 976 
258 644 
258 655 
26 373 
260 126 
269 542 
27 244 
276 352 
276 803 
285 743 
287 247 
287 378 
291 271 
291 862 
294 699 
297 675 
298 407 
3 957 
30 534 
302 538 
303 906 
306 897 
308 99 
309 732 
31 587 
31 646 
313 770 
314 725 
315 578 
315 843 
32 575 
320 911 
321 12 
322 472 
322 477 
326 246 
331 544 
332 415 
332 434 
335 679 
336 747 
344 131 
345 469 
35 451 
35 933 
350 70 
353 594 
354 795 
356 525 
356 533 
36 784 
360 968 
361 177 
361 224 
362 99 
364 10 
364 971 
369 562 
369 666 
371 970 
372 819 
372 982 
374 588
378 874 
382 320 
383 449 
385 909 
386 846 
389 734 
392 547 
393 201 
397 110 
398 613 
4 291 
401 222 
401 486 
401 487 
401 546 
401 861 
405 59 
407 704 
407 799 
41 474 
41 744 
411 882 
417 19 
42 767 
422 25 
423 308 
424 398 
424 648 
427 970 
430 940 
432 325 
432 92 
433 684 
436 426 
44 405 
443 261 
445 685 
446 347 
448 595 
45 445 
451 995 
46 845 
460 875 
462 307 
463 212 
463 819 
466 862 
470 411 
473 157 
474 18 
475 343 
476 391 
481 359 
489 577 
49 477 
490 184 
491 766 
492 185 
492 938 
499 142 
5 857 
500 505 
505 312 
507 256 
508 572 
51 271 
510 619 
511 343 
511 440 
513 745 
515 375 
518 419 
52 209 
520 597 
521 902 
522 776 
522 830 
526 907 
526 974 
527 543 
527 679 
530 985 
533 190 
534 104 
534 116 
535 430 
54 888 
540 681 
545 456 
55 33 
55 367 
550 475 
551 999 
553 196 
553 583 
555 64 
56 913 
560 386 
561 465 
562 812 
562 945 
563 639 
564 395 
564 914 
564 964 
565 414 
566 393 
567 132 
568 749 
569 425 
573 688 
575 705 
577 830 
578 422 
58 326 
581 876 
582 840 
585 398 
586 354 
587 141 
589 142 
59 756 
591 418 
592 463 
594 124 
596 797 
599 489 
605 374 
606 471 
607 126 
613 992 
614 434 
616 706 
617 85 
620 168 
620 803 
621 943 
623 345 
629 663 
635 861 
636 858 
638 980 
64 942 
642 83 
644 154 
644 918 
648 541 
649 482 
657 498 
659 81 
663 213 
665 19 
665 715 
666 490 
669 885 
671 28 
673 230 
675 257 
679 409 
680 593 
680 990 
688 235 
691 696 
692 270 
693 390 
693 46 
695 219 
695 621 
697 421 
697 449 
698 727 
698 96 
7 56 
7 860 
703 543 
705 361 
708 107 
708 662 
708 878 
709 652 
71 16 
712 532 
713 995 
715 324 
716 128 
719 490 
719 903 
72 288 
72 783 
721 60 
722 624 
722 90 
726 217 
728 58 
729 586 
732 413 
738 653 
740 322 
744 527 
744 863 
744 969 
747 770 
75 131 
75 144 
755 863 
757 60 
757 843 
758 634 
763 294 
763 831 
765 678 
766 239 
766 763 
767 612 
767 620 
77 581 
770 316 
772 368 
773 750 
773 766 
774 335 
775 685 
778 955 
78 810 
780 339 
780 347 
781 989 
782 739 
782 796 
783 64 
785 889 
786 0 
787 867 
791 582 
793 521 
793 579 
794 422 
795 575 
795 835 
798 663 
799 695 
801 453 
802 318 
803 233 
804 392 
807 846 
808 179 
812 455 
818 583 
821 227 
821 340 
821 829 
822 116 
823 615 
828 411 
831 189 
833 297 
834 276 
834 411 
834 923 
835 355 
837 179 
842 637 
844 550 
845 895 
848 632 
849 843 
850 665 
851 820 
854 334 
856 976 
860 447 
861 168 
862 27 
864 290 
867 931 
870 297 
870 636 
870 87 
871 842 
877 453 
878 627 
882 311 
887 285 
889 799 
893 548 
893 966 
894 2 
894 441 
897 682 
897 839 
9 967 
905 410 
91 838 
910 851 
912 969 
915 78 
915 972 
919 837 
919 958 
924 659 
926 697 
928 724 
929 223 
938 45 
941 749 
942 58 
944 878 
948 382 
948 76 
949 779 
95 904 
950 215 
950 710 
952 503 
952 569 
955 745 
957 326 
958 908 
96 144 
96 150 
964 789 
965 501 
965 584 
966 377 
969 884 
970 677 
971 342 
973 88 
979 154 
982 623 
983 422 
985 503 
985 715 
987 260 
988 356 
989 751 
990 710 
992 151 
994 271 
994 664 
994 857 
994 860 
995 406 
996 743 
997 644 
999 122 
