209 158 
121 413 
649 482 
104 476 
476 391 
688 235 
994 857 
562 812 
638 980 
423 308 
55 33 
369 666 
492 185 
51 271 
765 678 
58 326 
837 179 
91 838 
13 195 
666 490 
586 354 
77 581 
563 639 
393 201 
620 168 
862 27 
553 583 
693 46 
120 96 
669 885 
127 727 
564 964 
258 655 
154 624 
851 820 
114 789 
527 543 
722 90 
534 116 
644 154 
636 858 
533 190 
793 579 
236 913 
675 257 
151 802 
985 715 
118 595 
722 624 
219 925 
445 685 
715 324 
228 437 
766 763 
905 410 
269 542 
620 803 
732 413 
382 320 
679 409 
577 830 
564 914 
897 682 
510 619 
659 81 
545 456 
767 612 
780 347 
401 546 
462 307 
309 732 
201 929 
887 285 
695 621 
605 374 
30 534 
204 594 
801 453 
629 663 
72 288 
744 969 
744 863 
581 876 
211 983 
422 25 
642 83 
757 843 
13 996 
128 60 
617 85 
786 0 
971 342 
594 124 
795 575 
787 867 
215 884 
189 311 
747 770 
187 310 
105 610 
336 747 
45 445 
942 58 
794 422 
470 411 
507 256 
763 831 
950 710 
955 745 
285 743 
965 501 
979 154 
164 726 
276 352 
389 734 
314 725 
481 359 
522 776 
770 316 
198 240 
728 58 
849 843 
889 799 
553 196 
897 839 
291 862 
692 270 
16 856 
997 644 
560 386 
378 874 
463 212 
234 985 
988 356 
302 538 
948 382 
596 797 
225 837 
949 779 
386 846 
970 677 
708 662 
948 76 
870 297 
72 783 
35 451 
657 498 
15 243 
835 355 
599 489 
893 548 
871 842 
697 449 
31 646 
228 417 
844 550 
95 904 
564 395 
332 434 
44 405 
217 79 
208 227 
929 223 
822 116 
578 422 
606 471 
322 477 
665 19 
926 697 
18 506 
466 862 
56 913 
767 620 
308 99 
407 704 
856 976 
783 64 
555 64 
287 378 
181 217 
152 787 
41 474 
616 706 
845 895 
755 863 
401 222 
78 810 
135 197 
782 796 
648 541 
500 505 
870 636 
569 425 
52 209 
803 233 
778 955 
372 819 
781 989 
878 627 
236 633 
842 637 
207 920 
799 695 
117 582 
491 766 
475 343 
623 345 
331 544 
123 384 
105 926 
969 884 
234 694 
55 367 
35 933 
994 271 
919 837 
260 126 
757 60 
821 227 
994 664 
345 469 
360 968 
167 691 
864 290 
427 970 
568 749 
206 154 
443 261 
522 830 
195 516 
101 466 
705 361 
592 463 
773 766 
42 767 
782 739 
589 142 
59 756 
834 923 
398 613 
893 966 
362 99 
473 157 
713 995 
987 260 
511 440 
726 217 
802 318 
32 575 
436 426 
695 219 
165 284 
361 224 
392 547 
499 142 
513 745 
460 875 
196 933 
385 909 
928 724 
169 792 
165 895 
9 967 
566 393 
894 2 
171 589 
573 688 
225 935 
912 969 
834 411 
111 347 
508 572 
575 705 
505 312 
614 434 
36 784 
226 201 
31 587 
520 597 
332 415 
952 503 
356 525 
191 582 
812 455 
551 999 
218 663 
698 727 
235 273 
432 92 
585 398 
526 974 
534 104 
175 566 
691 696 
515 375 
463 819 
230 819 
697 421 
401 861 
228 305 
860 447 
320 911 
526 907 
184 310 
999 122 
708 878 
448 595 
982 623 
161 26 
671 28 
401 486 
848 632 
306 897 
405 59 
758 634 
364 971 
433 684 
882 311 
591 418 
621 943 
540 681 
821 340 
276 803 
964 789 
181 987 
818 583 
474 18 
567 132 
915 972 
191 25 
958 908 
996 743 
944 878 
54 888 
297 675 
831 189 
709 652 
530 985 
807 846 
127 989 
833 297 
924 659 
315 843 
791 582 
167 335 
607 126 
243 604 
221 187 
834 276 
75 131 
303 906 
321 12 
910 851 
350 70 
49 477 
411 882 
774 335 
894 441 
178 685 
23 697 
372 982 
823 615 
938 45 
155 773 
673 230 
256 976 
489 577 
989 751 
780 339 
821 829 
168 232 
64 942 
919 958 
383 449 
995 406 
147 368 
740 322 
335 679 
719 490 
804 392 
721 60 
369 562 
990 710 
313 770 
401 487 
952 569 
71 16 
511 343 
326 246 
144 321 
4 291 
41 744 
966 377 
775 685 
867 931 
430 940 
992 151 
854 334 
861 168 
104 614 
7 56 
535 430 
424 398 
773 750 
644 918 
424 648 
561 465 
744 527 
194 520 
565 414 
451 995 
354 795 
146 209 
129 359 
729 586 
973 88 
994 860 
518 419 
258 644 
521 902 
562 945 
550 475 
763 294 
3 957 
166 920 
371 970 
915 78 
117 61 
287 247 
772 368 
185 97 
808 179 
957 326 
950 215 
322 472 
117 884 
417 19 
712 532 
665 715 
490 184 
635 861 
154 902 
291 271 
315 578 
870 87 
298 407 
184 106 
587 141 
785 889 
708 107 
361 177 
344 131 
196 56 
663 213 
123 505 
397 110 
719 903 
364 10 
527 679 
941 749 
766 239 
157 302 
698 96 
795 835 
985 503 
294 699 
680 990 
182 228 
46 845 
793 521 
703 543 
983 422 
446 347 
432 325 
26 373 
75 144 
965 584 
798 663 
680 593 
850 665 
96 144 
716 128 
135 898 
356 533 
96 150 
407 799 
693 390 
221 491 
738 653 
169 116 
27 244 
613 992 
828 411 
7 860 
5 857 
877 453 
353 594 
582 840 
492 938 
374 588
