25 4 120
0 1 461
0 3 198
0 5 482
0 11 125
0 17 541
0 18 370
1 2 276
1 3 194
1 6 47
1 9 513
1 10 336
1 11 290
1 13 406
1 21 275
1 24 189
2 3 616
2 4 350
2 5 181
2 6 500
2 8 532
2 9 257
2 10 177
2 11 566
2 17 350
2 18 540
2 19 188
2 24 233
3 4 40
3 9 161
3 11 153
3 14 335
3 15 229
3 16 362
3 17 233
3 19 79
3 21 220
4 5 570
4 7 532
4 9 162
4 15 73
4 16 12
4 18 370
4 24 167
5 6 256
5 8 52
5 11 334
5 13 154
5 16 45
5 17 597
5 21 402
5 22 568
5 23 55
5 24 179
6 7 107
6 8 180
6 11 602
6 12 518
6 20 587
6 21 46
6 23 390
6 24 182
7 8 9
7 13 80
7 17 343
7 18 175
7 20 402
7 23 616
7 24 185
8 9 595
8 12 237
8 13 101
8 17 31
8 24 451
9 10 551
9 11 529
9 18 535
9 19 395
9 23 452
10 11 35
10 19 77
10 20 14
10 23 205
10 24 326
11 12 166
11 15 552
11 18 53
11 23 271
12 13 126
12 14 25
12 17 572
12 18 606
12 20 183
12 21 580
12 23 429
13 14 275
13 17 197
13 22 545
14 15 550
14 17 194
14 23 218
15 16 349
15 17 618
15 19 455
15 20 91
15 22 17
16 17 608
16 18 573
16 20 545
17 18 599
18 19 291
19 20 197
19 21 225
19 22 201
19 24 161
20 21 576
20 24 6
21 22 442
21 23 33
22 23 526
23 24 46
