40 2 78
0 1 100000
0 11 100000
1 2 100000
1 7 100000
1 17 100000
2 3 100000
2 6 100000
2 34 100000
3 4 100000
3 12 100000
4 5 100000
4 16 100000
5 6 100000
5 14 100000
5 15 100000
5 30 100000
6 7 100000
6 25 100000
6 35 100000
7 8 100000
7 26 100000
8 9 100000
9 10 100000
9 14 100000
9 31 100000
9 36 100000
10 11 100000
10 35 100000
11 12 100000
11 39 100000
12 13 100000
12 39 100000
13 14 100000
13 27 100000
14 15 100000
15 16 100000
15 20 100000
15 26 100000
15 32 100000
16 17 100000
16 34 100000
16 36 100000
17 18 100000
18 19 100000
18 31 100000
19 20 100000
20 21 100000
20 26 100000
20 35 100000
21 22 100000
22 23 100000
22 34 100000
22 37 100000
23 24 100000
23 26 100000
23 29 100000
24 25 100000
24 37 100000
25 26 100000
25 32 100000
25 33 100000
26 27 100000
26 38 100000
27 28 100000
28 29 100000
28 32 100000
29 30 100000
29 36 100000
30 31 100000
31 32 100000
32 33 100000
33 34 100000
34 35 100000
35 36 100000
36 37 100000
36 38 100000
37 38 100000
38 39 100000
